Mach Virtual Memory Statistics: (page size of 4096 bytes)
    free   active   specul inactive throttle    wired  prgable   faults     copy    0fill reactive   purged file-backed anonymous cmprssed cmprssor  dcomprs   comprs  pageins  pageout  swapins swapouts
   22622   529139     1847   526980        0   380415    34074 1731611K 12821304  644752K 42780153  9655548      284304    773662  1699992   635870 40296823 59046147 23583299   662773 19728373 21041266 
   20073   531736     1846   527746        0   379639    34813     4620        0     3340        0        0      284304    777024  1699990   635870        2        0        0        0        0        0 
   17548   538265     1862   532836        0   370537    39827     2680        0     2673        0        0      284320    788643  1699990   635870        0        0       16        0        0        0 
   15271   537907     1880   535731        0   370324    39952     3879        0     3863        0        0      284338    791180  1699989   635870        1        0       16        0        0        0 
   12665   542400     1880   536367        0   367797    40223     2670        0     2650        0        0      284338    796309  1699978   635854       11        0        0        0        0        0 
   10048   544034     1886   537205        0   367883    40220     2622        0     2618        0        0      284344    798781  1699975   635854        3        0        0        0        0        0 
    7522   548055     1886   538270        0   365279    41216     2642        0     2637        0        0      284344    803867  1699973   635854        2        0        0        0        0        0 
    4954   552013     1919   541359        0   360816    44360     2641        0     2635        0        0      284383    810908  1699973   635854        0        0       16        0        0        0 
    3945   552639     1919   542521        0   360821    43637     2623        0     2618        0      723      284383    812696  1689769   635006        1        0        0        0        0        0 
   29626   535827     1920   533760        0   360734    43724       89        1       65        0        0      284384    787123  1689767   635006        2        0        0        0        0        0 
   29677   535755     1944   533803        0   360736    43724       53        0       46       25        0      284378    787124  1689767   635006        0        0        0        0        0        0 
   32118   527944     1944   527023        0   372951    34118     1770        0      441        0        0      284378    772533  1689720   634974       47        0        0        0        0        0 
   31198   528578     1586   526594        0   373964    33431     8344      240     2574        0        0      284051    772707  1689645   634969       75        0        1        0        0        0 
   29709   527110     1622   526554        0   376905    32457     4540       13     4155        0        0      284087    771199  1689558   634953       87        0        8        0        0        0 
   22714   528062     1895   525247        0   383986    30922     4158        0     4164        0        0      284360    770844  1689550   634953        8        0      253        0        0        0 
   24409   526495     1895   525560        0   383534    30926      242        0      223        0        0      284360    769590  1689544   634953        6        0        0        0        0        0 
   25209   528807     1910   525184        0   380816    32285      330        0      229        0        0      284375    771526  1689541   634953        3        0       13        0        0        0 
   25242   534090     1946   525651        0   375029    35356      838        0      744        0        0      284413    777274  1689527   634937       14        0       21        0        0        0 
   25505   534006     1952   526028        0   374563    35367      323        0      299        0        0      284419    777567  1689493   634914       18        0        0        0        0        0 
   25555   534041     1953   531664        0   368861    39844      485        0      449        0        0      284420    783238  1689491   634914        2        0        0        0        0        0 
   25525   534560     1953   532156        0   367848    39588       81        0       74        0        0      284420    784249  1689489   634914        2        0        0        0        0        0 
